0.0058667
0.136977
0.0491131
0.00759513
0.0114288
0.03928
0.0523691
0.037072
0.0282578
0.0202252
0.0241798
0.0175485
0.00200777
0.0378643
0.0405124
0.0082818
0.0207996
0.00965244
0.194805
0.0273191
0.0066039
0.0563897
0.0318371
0.0116262
0.0483411
0.0159039
0.0105039
0.010349
0.0366744
0.020335
0.0313767
0.0627789
0.0544952
0.00523889
0.00641186
0.00169879
0.00900452
0.0235377
0.0021424
0.0352254
0.0636129
0.0194625
0.0335071
0.0536433
0.100061
0.110179
0.0541459
0.0891452
0.0388207
0.066423
0.062131
0.0207014
0.00605002
0.0337451
0.101747
0.0284788
0.13374
0.0592592
0.0478828
0.0621509
0.0575133
0.0241982
0.00184124
0.00295111
0.0512644
0.0462197
0.0208353
0.0410418
0.0298568
0.0101768
0.119598
0.0120178
0.00273547
0.0235548
0.0686121
0.0692071
0.0330586
0.00404685
0.0042549
0.0166245
0.0170222
0.0579836
0.0620447
0.00194026
0.0113425
0.00178426
0.0327782
0.0157815
0.0142633
0.015058
0.0478076
0.139162
0.0173576
0.0221922
0.0145418
0.0291617
0.0933289
0.087723
0.153924
0.0240477
0.0159418
0.0448746
0.0168305
0.0988381
0.0187072
0.0290989
0.0277069
0.0250954
0.114714
0.141886
0.157654
0.201454
0.0346095
0.0372986
0.0797524
0.0421548
0.0683531
0.0689017
0.132553
0.0471727
0.0386059
0.0173442
0.170147
0.0444597
0.0538149
0.0676606
0.0186909
0.051013
0.0285702
0.00907351
0.0023494
0.0482656
0.00464488
0.00793152
0.0343688
0.059355
0.104844
0.0380671
0.188472
0.00371556
0.0381195
0.0256686
0.0250787
0.0745432
0.103933
0.000925718
0.054473
0.0308466
0.0787271
0.0376657
0.0102144
0.018432
0.119674
0.267989
0.0818652
0.0404453
0.114954
0.16724
0.0266527
0.0508904
0.105466
0.278241
0.0230464
0.0320279
0.124844
0.120917
0.112559
0.00814754
0.0100725
0.0389106
0.0407328
0.0438059
0.00408163
0.0199057
0.0550578
0.071232
0.0639797
0.117555
0.0802405
0.0339653
0.00901915
0.00877651
0.000609408
0.0163287
0.0142449
0.0448393
0.0183362
0.02657
0.0621955
0.019832
0.0763981
0.0953179
0.0193647
0.050455
0.00647502
0.107048
0.057768
0.132547
0.054909
0.0811184
0.0112369
0.132769
0.0277366
0.0203894
0.119029
0.120453
0.0546776
0.000595806
0.0587498
0.0934084
0.0501144
0.219733
0.147234
0.111139
0.0212437
0.185675
0.133241
0.0501787
0.0828559
0.0167369
0.142572
0.0509264
0.0770439
0.116617
0.030652
0.0730385
0.0428702
0.00695074
0.00749565
0.0995431
0.0445565
0.0201649
0.0147582
0.0709025
0.0927203
0.0117133
0.103613
0.0507269
0.0622763
0.0767042
0.0498241
0.0704468
0.0522971
0.116199
0.0151827
0.163351
0.0531753
0.118184
0.0934339
0.0677658
0.0197637
0.0632965
0.113392
0.0141819
0.0215901
0.0547244
0.0724913
0.0663917
0.128528
0.0120443
0.0200514
0.0822972
0.0243342
0.0288136
0.0017108
0.0882182
0.0800279
0.0842722
0.0870345
0.0932382
0.095926
0.115325
0.10417
0.067851
0.0970911
0.0552998
0.0297952
0.1749
0.0051624
0.0685971
0.00841254
0.043241
0.0231096
0.0220219
0.0716466
0.00136705
0.00937213
0.0379835
0.0279195
0.010707
0.074933
0.000816016
0.154585
0.253787
0.0768309
0.00892483
0.120975
0.0222578
0.214317
0.00578954
0.0284725
0.0567715
0.0331524
0.12979
0.0602743
0.069124
0.0532762
0.00298826
0.0755612
0.0309666
0.0389883
0.0964197
0.114759
0.118239
0.0448283
0.0669266
0.112131
0.0503551
0.0447307
0.0981551
0.0196616
0.071357
0.0787178
0.0476761
0.051494
0.00914937
0.061675
0.094821
0.0666184
0.00581487
0.00236614
0.0301474
0.0635676
0.0134212
0.0232886
0.0105966
0.178177
0.154361
0.0195283
0.00124557
0.0440296
0.00764147
0.0526686
0.0307403
0.0772707
0.0441129
0.0102927
0.0171629
0.04064
0.0358914
0.00988045
0.00914407
0.00733912
0.00823252
0.0181072
0.1447
0.0276327
0.0127383
0.0612507
0.0166242
0.0398933
0.017864
0.00925569
0.0617838
0.0723162
0.00788094
0.0317107
0.0283465
0.0467382
0.0396984
0.00827964
0.0020767
0.0728031
0.0164684
0.00922799
0.0179725
0.0121346
0.0296352
0.0220463
0.0633579
0.0294236
0.021222
0.0204748
0.0516025
0.0783246
0.0280429
0.061785
0.0477953
0.047381
0.0153061
0.0631424
0.0365837
0.048793
0.0298729
0.00371592
0.0231453
0.00662043
0.0425492
0.0226681
0.0228887
0.0584815
0.0575964
0.000210229
0.000956783
0.010763
0.0423426
0.0510335
0.00320152
0.0407487
0.0290576
0.00420104
0.00670221
0.0433992
0.104012
0.0685015
0.0437517
0.0982315
0.0453368
0.0400012
0.058081
0.0776635
0.0713514
0.0833715
0.0799156
0.0596096
0.0465532
0.0573176
0.0451533
0.0711075
0.0933766
0.0605973
0.0639262
0.0823651
0.0705926
0.0571427
0.10605
0.0799909
0.0695491
0.0721483
0.0621934
0.0759126
0.0557741
0.0712899
0.0446018
0.085667
0.05399
0.103745
0.0653284
0.051884
0.0421472
0.0581212
0.0991697
0.0937865
0.0708375
0.0583552
0.0640361
0.0171621
0.0462219
0.0328124
0.0363161
0.0335976
0.0242819
0.0208671
0.000548685
0.011561
0.00748962
0.0174074
0.013827
0.0371267
0.0337328
0.0393762
0.0383434
0.0443733
0.0153228
0.0111784
0.000195647
0.000403705
0.0303251
0.0138526
0.048297
0.0210135
0.0640824
0.0341495
0.0234348
0.0175635
0.0572018
0.0440644
0.043927
0.0294851
0.0431201
0.0127978
0.0790654
0.046336
0.0433475
0.0571618
0.0778687
0.0479914
0.0539491
0.0256963
0.0612831
0.0298352
0.0132009
0.0261604
0.026326
0.0640105
0.0418672
0.0535988
0.0209608
0.0248675
